  1  1
  2  1
  3  1
  4  1
  5  1
  6  1
  7  1
  8  1
  9  7
 10  7
 11  1
 12  1
 13  4
 14  4
 15  1
 16  1
 17  1
 18  1
 19  1
 20  1
 21  1
 22  1
 23  1
 24  1
 25  1
 26  1
 27  1
 28  1
 29  1
 30  1
 31  1
 32  1
 33  1
 34  1
 35  1
 36  1
 37  1
 38  1
 39  1
 40  1
 41  1
 42  1
 43  1
 44  1
 45  1
 46  1
 47  1
 48  1
 49  1
 50  1
 51  1
 52  1
 53  1
 54  1
 55  1
 56  1
 57  1
 58  1
 59  1
 60  1
 61  3
 62  3
 63  1
 64  1
 65  1
 66  1
 67  1
 68  1
 69  1
 70  1
 71  1
 72  1
 73  3
 74  3
 75  1
 76  1
 77  1
 78  1
 79  1
 80  1
 81  6
 82  6
 83  1
 84  1
 85  1
 86  1
 87  1
 88  1
 89  3
 90  3
 91  3
 92  3
 93  1
 94  1
 95  1
 96  1
 97  6
 98  6
 99  1
100  1
101  3
102  3
103  3
104  3
105  7
106  7
107  1
108  1
109  6
110  6
111  1
112  1
113  1
114  1
115  6
116  6
117  6
118  6
119  1
120  1
121  3
122  3
123  1
124  1
125  3
126  3
127  1
128  1
129  5
130  5
131  3
132  3
133  4
134  4
135  6
136  6
137  3
138  3
139  3
140  3
141  3
142  3
143  6
144  6
145  6
146  6
147  4
148  4
149  6
150  6
151  6
152  6
153  3
154  3
155  6
156  6
157  1
158  1
159  1
160  1
161  1
162  1
163  1
164  1
165  1
166  1
167  6
168  6
169  1
170  1
171  1
172  1
173  1
174  1
175  6
176  6
177  3
178  3
179  1
180  1
181  6
182  6
183  6
184  6
185  7
186  7
187  7
188  7
189  1
190  1
191  1
192  1
193  1
194  1
195  1
196  1
197  1
198  1
199  3
200  3 