  1  1
  2  1
  3  1
  4  1
  5  1
  6  1
  7  6
  8  6
  9  6
 10  6
 11  6
 12  6
 13  1
 14  1
 15  3
 16  3
 17  6
 18  6
 19  1
 20  1
 21  6
 22  6
 23  1
 24  1
 25  1
 26  1
 27  6
 28  6
 29  5
 30  5
 31  6
 32  6
 33  7
 34  7
 35  6
 36  6
 37  6
 38  6
 39  1
 40  1
 41  3
 42  3
 43  6
 44  6
 45  5
 46  5
 47  3
 48  3
 49  6
 50  6
 51  1
 52  1
 53  4
 54  4
 55  1
 56  1
 57  6
 58  6
 59  5
 60  5
 61  3
 62  3
 63  6
 64  6
 65  5
 66  5
 67  1
 68  1
 69  6
 70  6
 71  6
 72  6
 73  2
 74  2
 75  3
 76  3
 77  6
 78  6
 79  3
 80  3
 81  6
 82  6
 83  3
 84  3
 85  5
 86  5
 87  6
 88  6
 89  6
 90  6
 91  5
 92  5
 93  5
 94  5
 95  6
 96  6
 97  6
 98  6
 99  3
100  3
101  3
102  3
103  6
104  6
105  7
106  7
107  6
108  6
109  6
110  6
111  5
112  5
113  3
114  3
115  1
116  1
117  3
118  3
119  1
120  1
121  3
122  3
123  1
124  1
125  3
126  3
127  6
128  6
129  3
130  3
131  6
132  6
133  6
134  6
135  5
136  5
137  1
138  1
139  6
140  6
141  6
142  6
143  6
144  6
145  5
146  5
147  3
148  3
149  3
150  3
151  6
152  6
153  1
154  1
155  3
156  3
157  3
158  3
159  1
160  1
161  3
162  3
163  1
164  1
165  6
166  6
167  6
168  6
169  5
170  5
171  5
172  5
173  1
174  1
175  3
176  3
177  1
178  1
179  1
180  1
181  6
182  6
183  6
184  6
185  3
186  3
187  5
188  5
189  5
190  5
191  6
192  6
193  5
194  5
195  5
196  5
197  6
198  6
199  3
200  3 