  1  6
  2  6
  3  1
  4  1
  5  4
  6  4
  7  4
  8  4
  9  1
 10  1
 11  3
 12  3
 13  3
 14  3
 15  1
 16  1
 17  5
 18  5
 19  6
 20  6
 21  1
 22  1
 23  6
 24  6
 25  1
 26  1
 27  1
 28  1
 29  6
 30  6
 31  1
 32  1
 33  1
 34  1
 35  1
 36  1
 37  3
 38  3
 39  6
 40  6
 41  7
 42  7
 43  6
 44  6
 45  6
 46  6
 47  1
 48  1
 49  6
 50  6
 51  6
 52  6
 53  5
 54  5
 55  6
 56  6
 57  6
 58  6
 59  3
 60  3
 61  1
 62  1
 63  5
 64  5
 65  6
 66  6
 67  1
 68  1
 69  3
 70  3
 71  1
 72  1
 73  6
 74  6
 75  3
 76  3
 77  6
 78  6
 79  3
 80  3
 81  1
 82  1
 83  1
 84  1
 85  3
 86  3
 87  1
 88  1
 89  3
 90  3
 91  2
 92  2
 93  1
 94  1
 95  6
 96  6
 97  5
 98  5
 99  6
100  6
101  6
102  6
103  1
104  1
105  1
106  1
107  1
108  1
109  4
110  4
111  1
112  1
113  6
114  6
115  6
116  6
117  1
118  1
119  5
120  5
121  1
122  1
123  1
124  1
125  1
126  1
127  1
128  1
129  1
130  1
131  1
132  1
133  1
134  1
135  7
136  7
137  1
138  1
139  1
140  1
141  1
142  1
143  1
144  1
145  3
146  3
147  1
148  1
149  6
150  6
151  6
152  6
153  1
154  1
155  1
156  1
157  3
158  3
159  1
160  1
161  2
162  2
163  1
164  1
165  3
166  3
167  1
168  1
169  1
170  1
171  6
172  6
173  6
174  6
175  1
176  1
177  6
178  6
179  6
180  6
181  3
182  3
183  1
184  1
185  1
186  1
187  3
188  3
189  6
190  6
191  5
192  5
193  1
194  1
195  4
196  4
197  1
198  1
199  1
200  1 