  1  3
  2  3
  3  3
  4  3
  5  1
  6  1
  7  5
  8  5
  9  3
 10  3
 11  3
 12  3
 13  6
 14  6
 15  3
 16  3
 17  5
 18  5
 19  3
 20  3
 21  1
 22  1
 23  3
 24  3
 25  3
 26  3
 27  7
 28  7
 29  6
 30  6
 31  6
 32  6
 33  1
 34  1
 35  6
 36  6
 37  3
 38  3
 39  7
 40  7
 41  3
 42  3
 43  1
 44  1
 45  6
 46  6
 47  1
 48  1
 49  3
 50  3
 51  6
 52  6
 53  1
 54  1
 55  1
 56  1
 57  1
 58  1
 59  1
 60  1
 61  1
 62  1
 63  2
 64  2
 65  1
 66  1
 67  3
 68  3
 69  6
 70  6
 71  3
 72  3
 73  1
 74  1
 75  6
 76  6
 77  3
 78  3
 79  6
 80  6
 81  1
 82  1
 83  3
 84  3
 85  1
 86  1
 87  1
 88  1
 89  3
 90  3
 91  1
 92  1
 93  3
 94  3
 95  1
 96  1
 97  3
 98  3
 99  2
100  2
101  6
102  6
103  6
104  6
105  6
106  6
107  5
108  5
109  1
110  1
111  1
112  1
113  2
114  2
115  1
116  1
117  3
118  3
119  3
120  3
121  3
122  3
123  5
124  5
125  6
126  6
127  6
128  6
129  5
130  5
131  3
132  3
133  3
134  3
135  5
136  5
137  1
138  1
139  3
140  3
141  1
142  1
143  1
144  1
145  6
146  6
147  3
148  3
149  6
150  6
151  6
152  6
153  1
154  1
155  1
156  1
157  3
158  3
159  1
160  1
161  3
162  3
163  3
164  3
165  1
166  1
167  6
168  6
169  3
170  3
171  1
172  1
173  1
174  1
175  1
176  1
177  1
178  1
179  6
180  6
181  6
182  6
183  6
184  6
185  1
186  1
187  1
188  1
189  3
190  3
191  1
192  1
193  5
194  5
195  6
196  6
197  1
198  1
199  6
200  6
201  6
202  6
203  1
204  1
205  1
206  1
207  6
208  6
209  3
210  3
211  6
212  6
213  1
214  1
215  1
216  1
217  3
218  3
219  1
220  1
221  1
222  1
223  3
224  3
225  1
226  1
227  1
228  1
229  1
230  1
231  3
232  3
233  5
234  5
235  3
236  3
237  3
238  3
239  6
240  6
241  1
242  1
243  1
244  1
245  3
246  3
247  1
248  1
249  3
250  3
251  3
252  3
253  3
254  3
255  3
256  3
257  6
258  6
259  1
260  1
261  1
262  1
263  5
264  5
265  1
266  1
267  6
268  6
269  1
270  1
271  3
272  3
273  3
274  3
275  1
276  1
277  5
278  5
279  6
280  6
281  3
282  3
283  6
284  6
285  3
286  3
287  3
288  3
289  3
290  3
291  6
292  6
293  1
294  1
295  1
296  1
297  5
298  5
299  1
300  1
301  3
302  3
303  3
304  3
305  1
306  1
307  3
308  3
309  5
310  5
311  3
312  3
313  3
314  3
315  3
316  3
317  1
318  1
319  1
320  1
321  3
322  3
323  1
324  1
325  3
326  3
327  2
328  2
329  1
330  1
331  3
332  3
333  1
334  1
335  6
336  6
337  3
338  3
339  1
340  1
341  1
342  1
343  1
344  1
345  1
346  1
347  1
348  1
349  3
350  3
351  6
352  6
353  1
354  1
355  3
356  3
357  6
358  6
359  7
360  7
361  1
362  1
363  1
364  1
365  6
366  6
367  1
368  1
369  3
370  3
371  3
372  3
373  6
374  6
375  6
376  6
377  3
378  3
379  3
380  3
381  6
382  6
383  6
384  6
385  1
386  1
387  3
388  3
389  3
390  3
391  6
392  6
393  1
394  1
395  1
396  1
397  3
398  3
399  5
400  5
401  3
402  3
403  1
404  1
405  3
406  3
407  3
408  3
409  3
410  3
411  1
412  1
413  3
414  3
415  1
416  1
417  1
418  1
419  3
420  3
421  1
422  1
423  1
424  1
425  6
426  6
427  1
428  1
429  1
430  1
431  1
432  1
433  6
434  6
435  6
436  6
437  6
438  6
439  1
440  1
441  3
442  3
443  3
444  3
445  3
446  3
447  6
448  6
449  1
450  1
451  1
452  1
453  1
454  1
455  1
456  1
457  3
458  3
459  1
460  1
461  3
462  3
463  3
464  3
465  1
466  1
467  1
468  1
469  5
470  5
471  1
472  1
473  3
474  3
475  1
476  1
477  5
478  5
479  5
480  5
481  1
482  1
483  6
484  6
485  1
486  1
487  1
488  1
489  1
490  1
491  6
492  6
493  1
494  1
495  6
496  6
497  1
498  1
499  1
500  1
501  6
502  6
503  1
504  1
505  3
506  3
507  3
508  3
509  3
510  3
511  3
512  3
513  1
514  1
515  6
516  6
517  3
518  3
519  1
520  1
521  3
522  3
523  3
524  3
525  3
526  3
527  3
528  3
529  3
530  3
531  5
532  5
533  1
534  1
535  5
536  5
537  1
538  1
539  1
540  1
541  6
542  6
543  3
544  3
545  1
546  1
547  5
548  5
549  3
550  3
551  1
552  1
553  3
554  3
555  3
556  3
557  5
558  5
559  3
560  3
561  1
562  1
563  5
564  5
565  3
566  3
567  1
568  1
569  1
570  1
571  5
572  5
573  3
574  3
575  6
576  6
577  1
578  1
579  1
580  1
581  1
582  1
583  5
584  5
585  1
586  1
587  5
588  5
589  1
590  1
591  3
592  3
593  5
594  5
595  1
596  1
597  5
598  5
599  1
600  1
601  3
602  3
603  1
604  1
605  5
606  5
607  6
608  6
609  3
610  3
611  3
612  3
613  1
614  1
615  3
616  3
617  6
618  6
619  1
620  1
621  6
622  6
623  6
624  6
625  1
626  1
627  6
628  6
629  3
630  3
631  5
632  5
633  5
634  5
635  3
636  3
637  3
638  3
639  3
640  3
641  1
642  1
643  5
644  5
645  1
646  1
647  5
648  5
649  3
650  3
651  3
652  3
653  5
654  5
655  3
656  3
657  1
658  1
659  3
660  3
661  6
662  6
663  1
664  1
665  3
666  3
667  5
668  5
669  6
670  6
671  1
672  1
673  1
674  1
675  6
676  6
677  3
678  3
679  1
680  1
681  1
682  1
683  1
684  1
685  1
686  1
687  6
688  6
689  6
690  6
691  1
692  1
693  1
694  1
695  1
696  1
697  1
698  1
699  3
700  3
701  1
702  1
703  1
704  1
705  6
706  6
707  3
708  3
709  6
710  6
711  7
712  7
713  1
714  1
715  1
716  1
717  3
718  3
719  3
720  3
721  6
722  6
723  6
724  6
725  1
726  1
727  3
728  3
729  3
730  3
731  6
732  6
733  5
734  5
735  3
736  3
737  6
738  6
739  1
740  1
741  1
742  1
743  6
744  6
745  3
746  3
747  3
748  3
749  3
750  3
751  1
752  1
753  6
754  6
755  6
756  6
757  6
758  6
759  1
760  1
761  3
762  3
763  6
764  6
765  1
766  1
767  3
768  3
769  3
770  3
771  3
772  3
773  1
774  1
775  3
776  3
777  1
778  1
779  6
780  6
781  1
782  1
783  3
784  3
785  6
786  6
787  1
788  1
789  1
790  1
791  1
792  1
793  1
794  1
795  1
796  1
797  1
798  1
799  1
800  1
801  3
802  3
803  3
804  3
805  1
806  1
807  1
808  1
809  5
810  5
811  1
812  1
813  1
814  1
815  1
816  1
817  1
818  1
819  1
820  1
821  3
822  3
823  3
824  3
825  6
826  6
827  1
828  1
829  1
830  1
831  3
832  3
833  3
834  3
835  1
836  1
837  3
838  3
839  6
840  6
841  1
842  1
843  3
844  3
845  1
846  1
847  6
848  6
849  3
850  3
851  6
852  6
853  5
854  5
855  1
856  1
857  6
858  6
859  1
860  1
861  3
862  3
863  6
864  6
865  1
866  1
867  6
868  6
869  1
870  1
871  1
872  1
873  3
874  3
875  3
876  3
877  3
878  3
879  1
880  1
881  3
882  3
883  1
884  1
885  6
886  6
887  6
888  6
889  1
890  1
891  1
892  1
893  1
894  1
895  6
896  6
897  3
898  3
899  1
900  1
901  1
902  1
903  6
904  6
905  6
906  6
907  6
908  6
909  5
910  5
911  3
912  3
913  6
914  6
915  3
916  3 