  1  2
  2  2
  3  3
  4  3
  5  3
  6  3
  7  3
  8  3
  9  7
 10  7
 11  3
 12  3
 13  7
 14  7
 15  3
 16  3
 17  3
 18  3
 19  5
 20  5
 21  3
 22  3
 23  3
 24  3
 25  3
 26  3
 27  1
 28  1
 29  5
 30  5
 31  1
 32  1
 33  5
 34  5
 35  3
 36  3
 37  1
 38  1
 39  3
 40  3
 41  3
 42  3
 43  1
 44  1
 45  1
 46  1
 47  1
 48  1
 49  3
 50  3
 51  3
 52  3
 53  1
 54  1
 55  1
 56  1
 57  3
 58  3
 59  3
 60  3
 61  4
 62  4
 63  5
 64  5
 65  5
 66  5
 67  1
 68  1
 69  3
 70  3
 71  3
 72  3
 73  3
 74  3
 75  2
 76  2
 77  1
 78  1
 79  1
 80  1
 81  1
 82  1
 83  3
 84  3
 85  1
 86  1
 87  3
 88  3
 89  3
 90  3
 91  5
 92  5
 93  1
 94  1
 95  3
 96  3
 97  1
 98  1
 99  1
100  1
101  1
102  1
103  3
104  3
105  1
106  1
107  1
108  1
109  1
110  1
111  5
112  5
113  1
114  1
115  3
116  3
117  3
118  3
119  5
120  5
121  5
122  5
123  6
124  6
125  3
126  3
127  1
128  1
129  5
130  5
131  1
132  1
133  1
134  1
135  5
136  5
137  1
138  1
139  3
140  3
141  5
142  5
143  1
144  1
145  1
146  1
147  5
148  5
149  3
150  3
151  7
152  7
153  1
154  1
155  1
156  1
157  6
158  6
159  3
160  3
161  1
162  1
163  1
164  1
165  1
166  1
167  1
168  1
169  1
170  1
171  3
172  3
173  1
174  1
175  3
176  3
177  6
178  6
179  1
180  1
181  6
182  6
183  6
184  6
185  5
186  5
187  1
188  1
189  1
190  1
191  1
192  1
193  6
194  6
195  5
196  5
197  3
198  3
199  1
200  1
201  1
202  1
203  1
204  1
205  1
206  1
207  3
208  3
209  6
210  6
211  5
212  5
213  1
214  1
215  1
216  1
217  1
218  1
219  1
220  1
221  1
222  1
223  5
224  5
225  1
226  1
227  3
228  3
229  3
230  3
231  6
232  6
233  3
234  3
235  3
236  3
237  1
238  1
239  1
240  1
241  1
242  1
243  1
244  1
245  6
246  6
247  5
248  5
249  1
250  1
251  3
252  3
253  5
254  5
255  1
256  1
257  1
258  1
259  3
260  3
261  3
262  3
263  6
264  6
265  5
266  5
267  1
268  1
269  1
270  1
271  1
272  1
273  5
274  5
275  1
276  1
277  3
278  3
279  6
280  6
281  1
282  1
283  1
284  1
285  1
286  1
287  5
288  5
289  3
290  3
291  3
292  3
293  6
294  6
295  6
296  6
297  1
298  1
299  1
300  1
301  1
302  1
303  1
304  1
305  6
306  6
307  1
308  1
309  1
310  1
311  3
312  3
313  1
314  1
315  5
316  5
317  6
318  6
319  5
320  5
321  1
322  1
323  3
324  3
325  6
326  6
327  5
328  5
329  7
330  7
331  1
332  1
333  5
334  5
335  1
336  1
337  1
338  1
339  1
340  1
341  3
342  3
343  1
344  1
345  1
346  1
347  6
348  6
349  6
350  6
351  1
352  1
353  5
354  5
355  1
356  1
357  1
358  1
359  3
360  3
361  1
362  1
363  6
364  6
365  1
366  1
367  3
368  3
369  1
370  1
371  5
372  5
373  3
374  3
375  6
376  6
377  6
378  6
379  1
380  1
381  5
382  5
383  1
384  1
385  1
386  1
387  5
388  5
389  3
390  3
391  1
392  1
393  1
394  1
395  1
396  1
397  1
398  1
399  5
400  5
401  1
402  1
403  1
404  1
405  5
406  5
407  6
408  6
409  1
410  1
411  6
412  6
413  1
414  1
415  1
416  1
417  1
418  1
419  3
420  3
421  1
422  1
423  1
424  1
425  4
426  4
427  1
428  1
429  3
430  3
431  6
432  6
433  6
434  6
435  1
436  1
437  1
438  1
439  6
440  6
441  5
442  5
443  1
444  1
445  5
446  5
447  5
448  5
449  1
450  1
451  1
452  1
453  5
454  5
455  6
456  6
457  1
458  1
459  1
460  1
461  1
462  1
463  1
464  1
465  1
466  1
467  1
468  1
469  6
470  6
471  1
472  1
473  6
474  6
475  4
476  4
477  1
478  1
479  6
480  6
481  1
482  1
483  1
484  1
485  5
486  5
487  1
488  1
489  5
490  5
491  6
492  6
493  5
494  5
495  6
496  6
497  1
498  1
499  1
500  1
501  1
502  1
503  1
504  1
505  1
506  1
507  6
508  6
509  1
510  1
511  6
512  6
513  1
514  1
515  1
516  1
517  6
518  6
519  5
520  5
521  1
522  1
523  5
524  5
525  5
526  5
527  1
528  1
529  5
530  5
531  5
532  5
533  6
534  6
535  1
536  1
537  5
538  5
539  1
540  1
541  1
542  1
543  1
544  1
545  6
546  6
547  6
548  6
549  1
550  1
551  6
552  6
553  1
554  1
555  5
556  5
557  6
558  6
559  1
560  1
561  1
562  1
563  1
564  1
565  1
566  1
567  2
568  2
569  1
570  1
571  1
572  1
573  5
574  5
575  5
576  5
577  1
578  1
579  1
580  1
581  1
582  1
583  6
584  6
585  6
586  6
587  1
588  1
589  1
590  1
591  1
592  1
593  1
594  1
595  3
596  3
597  5
598  5
599  1
600  1
601  1
602  1
603  1
604  1
605  1
606  1
607  1
608  1
609  1
610  1
611  1
612  1
613  5
614  5
615  1
616  1
617  1
618  1
619  7
620  7
621  1
622  1
623  6
624  6
625  1
626  1
627  6
628  6
629  1
630  1
631  6
632  6
633  6
634  6
635  6
636  6
637  3
638  3
639  6
640  6
641  1
642  1
643  1
644  1
645  6
646  6
647  6
648  6
649  1
650  1
651  1
652  1
653  6
654  6
655  1
656  1
657  1
658  1
659  6
660  6
661  1
662  1
663  1
664  1
665  1
666  1
667  4
668  4
669  1
670  1
671  1
672  1
673  5
674  5
675  2
676  2
677  1
678  1
679  1
680  1
681  1
682  1
683  1
684  1
685  1
686  1
687  6
688  6
689  6
690  6
691  1
692  1
693  1
694  1
695  1
696  1
697  6
698  6
699  1
700  1
701  1
702  1
703  6
704  6
705  1
706  1
707  3
708  3
709  1
710  1
711  1
712  1
713  1
714  1
715  1
716  1
717  6
718  6
719  1
720  1
721  6
722  6
723  1
724  1
725  1
726  1
727  1
728  1
729  6
730  6
731  1
732  1
733  6
734  6
735  1
736  1
737  1
738  1
739  1
740  1
741  1
742  1
743  6
744  6
745  1
746  1
747  6
748  6
749  1
750  1
751  6
752  6
753  6
754  6
755  3
756  3
757  6
758  6
759  1
760  1
761  1
762  1
763  1
764  1
765  1
766  1
767  1
768  1
769  1
770  1
771  1
772  1
773  6
774  6
775  3
776  3
777  6
778  6
779  2
780  2
781  1
782  1
783  6
784  6
785  1
786  1
787  6
788  6
789  1
790  1
791  1
792  1
793  1
794  1
795  6
796  6
797  1
798  1
799  6
800  6
801  6
802  6
803  1
804  1
805  1
806  1
807  1
808  1
809  1
810  1
811  6
812  6
813  1
814  1
815  1
816  1
817  1
818  1
819  1
820  1
821  6
822  6
823  1
824  1
825  1
826  1
827  1
828  1
829  1
830  1
831  6
832  6
833  6
834  6
835  1
836  1
837  6
838  6
839  1
840  1
841  1
842  1
843  1
844  1
845  6
846  6
847  1
848  1
849  1
850  1
851  1
852  1
853  1
854  1
855  1
856  1
857  6
858  6
859  2
860  2
861  1
862  1
863  1
864  1
865  6
866  6
867  6
868  6
869  1
870  1
871  6
872  6
873  1
874  1
875  1
876  1
877  1
878  1
879  1
880  1
881  1
882  1
883  6
884  6
885  6
886  6
887  6
888  6
889  1
890  1
891  1
892  1
893  6
894  6
895  6
896  6
897  1
898  1
899  1
900  1
901  1
902  1
903  1
904  1
905  1
906  1
907  1
908  1
909  1
910  1
911  3
912  3
913  1
914  1
915  6
916  6 