  1  3
  2  3
  3  1
  4  1
  5  6
  6  6
  7  5
  8  5
  9  1
 10  1
 11  6
 12  6
 13  3
 14  3
 15  4
 16  4
 17  6
 18  6
 19  1
 20  1
 21  2
 22  2
 23  6
 24  6
 25  6
 26  6
 27  6
 28  6
 29  3
 30  3
 31  6
 32  6
 33  1
 34  1
 35  1
 36  1
 37  6
 38  6
 39  3
 40  3
 41  5
 42  5
 43  3
 44  3
 45  3
 46  3
 47  6
 48  6
 49  4
 50  4
 51  1
 52  1
 53  6
 54  6
 55  3
 56  3
 57  2
 58  2
 59  6
 60  6
 61  6
 62  6
 63  2
 64  2
 65  1
 66  1
 67  1
 68  1
 69  3
 70  3
 71  5
 72  5
 73  3
 74  3
 75  1
 76  1
 77  1
 78  1
 79  1
 80  1
 81  4
 82  4
 83  6
 84  6
 85  3
 86  3
 87  1
 88  1
 89  1
 90  1
 91  4
 92  4
 93  1
 94  1
 95  3
 96  3
 97  3
 98  3
 99  6
100  6
101  6
102  6
103  6
104  6
105  2
106  2
107  6
108  6
109  6
110  6
111  1
112  1
113  6
114  6
115  4
116  4
117  6
118  6
119  2
120  2
121  2
122  2
123  1
124  1
125  3
126  3
127  1
128  1
129  6
130  6
131  1
132  1
133  6
134  6
135  1
136  1
137  2
138  2
139  6
140  6
141  1
142  1
143  4
144  4
145  2
146  2
147  6
148  6
149  1
150  1
151  6
152  6
153  6
154  6
155  3
156  3
157  1
158  1
159  6
160  6
161  1
162  1
163  6
164  6
165  1
166  1
167  1
168  1
169  1
170  1
171  1
172  1
173  1
174  1
175  1
176  1
177  5
178  5
179  6
180  6
181  6
182  6
183  1
184  1
185  1
186  1
187  6
188  6
189  3
190  3
191  3
192  3
193  1
194  1
195  2
196  2
197  1
198  1
199  6
200  6
201  6
202  6
203  6
204  6
205  5
206  5
207  6
208  6
209  1
210  1
211  1
212  1
213  3
214  3
215  6
216  6
217  3
218  3
219  1
220  1
221  3
222  3
223  3
224  3
225  1
226  1
227  6
228  6
229  3
230  3
231  1
232  1
233  1
234  1
235  4
236  4
237  1
238  1
239  3
240  3
241  1
242  1
243  6
244  6
245  1
246  1
247  6
248  6
249  6
250  6
251  3
252  3
253  6
254  6
255  6
256  6
257  6
258  6
259  6
260  6
261  3
262  3
263  4
264  4
265  1
266  1
267  1
268  1
269  1
270  1
271  6
272  6
273  6
274  6
275  3
276  3
277  1
278  1
279  3
280  3
281  1
282  1
283  1
284  1
285  6
286  6
287  6
288  6
289  1
290  1
291  1
292  1
293  6
294  6
295  1
296  1
297  7
298  7
299  6
300  6
301  3
302  3
303  1
304  1
305  6
306  6
307  1
308  1
309  3
310  3
311  4
312  4
313  3
314  3
315  1
316  1
317  6
318  6
319  1
320  1
321  4
322  4
323  2
324  2
325  1
326  1
327  6
328  6
329  1
330  1
331  1
332  1
333  3
334  3
335  1
336  1
337  2
338  2
339  1
340  1
341  1
342  1
343  1
344  1
345  3
346  3
347  3
348  3
349  3
350  3
351  1
352  1
353  1
354  1
355  3
356  3
357  1
358  1
359  1
360  1
361  5
362  5
363  1
364  1
365  6
366  6
367  1
368  1
369  6
370  6
371  6
372  6
373  1
374  1
375  3
376  3
377  1
378  1
379  5
380  5
381  5
382  5
383  5
384  5
385  3
386  3
387  1
388  1
389  6
390  6
391  1
392  1
393  6
394  6
395  6
396  6
397  6
398  6
399  1
400  1
401  6
402  6
403  6
404  6
405  3
406  3
407  6
408  6
409  5
410  5
411  3
412  3
413  1
414  1
415  1
416  1
417  6
418  6
419  6
420  6
421  3
422  3
423  1
424  1
425  6
426  6
427  3
428  3
429  1
430  1
431  1
432  1
433  1
434  1
435  6
436  6
437  1
438  1
439  6
440  6
441  1
442  1
443  6
444  6
445  3
446  3
447  1
448  1
449  3
450  3
451  6
452  6
453  1
454  1
455  3
456  3
457  6
458  6
459  6
460  6
461  5
462  5
463  6
464  6
465  1
466  1
467  3
468  3
469  1
470  1
471  1
472  1
473  1
474  1
475  1
476  1
477  6
478  6
479  1
480  1
481  3
482  3
483  6
484  6
485  3
486  3
487  1
488  1
489  1
490  1
491  3
492  3
493  5
494  5
495  1
496  1
497  1
498  1
499  3
500  3
501  3
502  3
503  5
504  5
505  6
506  6
507  5
508  5
509  6
510  6
511  1
512  1
513  1
514  1
515  1
516  1
517  6
518  6
519  6
520  6
521  6
522  6
523  6
524  6
525  6
526  6
527  6
528  6
529  6
530  6
531  3
532  3
533  3
534  3
535  6
536  6
537  1
538  1
539  1
540  1
541  6
542  6
543  1
544  1
545  6
546  6
547  6
548  6
549  1
550  1
551  6
552  6
553  1
554  1
555  1
556  1
557  6
558  6
559  6
560  6
561  1
562  1
563  1
564  1
565  1
566  1
567  3
568  3
569  5
570  5
571  1
572  1
573  1
574  1
575  1
576  1
577  1
578  1
579  1
580  1
581  6
582  6
583  1
584  1
585  5
586  5
587  1
588  1
589  6
590  6
591  1
592  1
593  6
594  6
595  3
596  3
597  5
598  5
599  3
600  3
601  1
602  1
603  1
604  1
605  3
606  3
607  1
608  1
609  1
610  1
611  6
612  6
613  1
614  1
615  6
616  6
617  1
618  1
619  1
620  1
621  1
622  1
623  6
624  6
625  6
626  6
627  3
628  3
629  1
630  1
631  5
632  5
633  1
634  1
635  1
636  1
637  3
638  3
639  3
640  3
641  1
642  1
643  1
644  1
645  1
646  1
647  3
648  3
649  6
650  6
651  1
652  1
653  1
654  1
655  1
656  1
657  1
658  1
659  1
660  1
661  1
662  1
663  1
664  1
665  3
666  3
667  3
668  3
669  3
670  3
671  3
672  3
673  3
674  3
675  6
676  6
677  1
678  1
679  3
680  3
681  6
682  6
683  1
684  1
685  5
686  5
687  1
688  1
689  6
690  6
691  6
692  6
693  3
694  3
695  6
696  6
697  1
698  1
699  1
700  1
701  3
702  3
703  5
704  5
705  1
706  1
707  3
708  3
709  1
710  1
711  3
712  3
713  1
714  1
715  3
716  3
717  3
718  3
719  6
720  6
721  1
722  1
723  3
724  3
725  3
726  3
727  5
728  5
729  1
730  1
731  3
732  3
733  6
734  6
735  3
736  3
737  6
738  6
739  5
740  5
741  3
742  3
743  1
744  1
745  6
746  6
747  3
748  3
749  3
750  3
751  1
752  1
753  5
754  5
755  1
756  1
757  6
758  6
759  1
760  1
761  6
762  6
763  1
764  1
765  6
766  6
767  6
768  6
769  1
770  1
771  6
772  6
773  5
774  5
775  1
776  1
777  1
778  1
779  1
780  1
781  4
782  4
783  1
784  1
785  6
786  6
787  3
788  3
789  3
790  3
791  3
792  3
793  1
794  1
795  6
796  6
797  6
798  6
799  5
800  5
801  6
802  6
803  6
804  6
805  1
806  1
807  6
808  6
809  6
810  6
811  6
812  6
813  1
814  1
815  6
816  6
817  1
818  1
819  3
820  3
821  6
822  6
823  1
824  1
825  6
826  6
827  3
828  3
829  3
830  3
831  6
832  6
833  1
834  1
835  1
836  1
837  6
838  6
839  1
840  1
841  1
842  1
843  3
844  3
845  6
846  6
847  1
848  1
849  6
850  6
851  6
852  6
853  6
854  6
855  6
856  6
857  5
858  5
859  6
860  6
861  6
862  6
863  5
864  5
865  1
866  1
867  6
868  6
869  1
870  1
871  6
872  6
873  6
874  6
875  1
876  1
877  6
878  6
879  1
880  1
881  6
882  6
883  1
884  1
885  6
886  6
887  3
888  3
889  1
890  1
891  3
892  3
893  6
894  6
895  1
896  1
897  6
898  6
899  1
900  1
901  6
902  6
903  1
904  1
905  1
906  1
907  1
908  1
909  6
910  6
911  1
912  1
913  1
914  1
915  3
916  3 