  1  6
  2  6
  3  7
  4  7
  5  1
  6  1
  7  3
  8  3
  9  2
 10  2
 11  7
 12  7
 13  1
 14  1
 15  1
 16  1
 17  5
 18  5
 19  7
 20  7
 21  3
 22  3
 23  1
 24  1
 25  1
 26  1
 27  4
 28  4
 29  6
 30  6
 31  6
 32  6
 33  1
 34  1
 35  5
 36  5
 37  6
 38  6
 39  1
 40  1
 41  1
 42  1
 43  1
 44  1
 45  6
 46  6
 47  7
 48  7
 49  1
 50  1
 51  2
 52  2
 53  3
 54  3
 55  6
 56  6
 57  1
 58  1
 59  1
 60  1
 61  3
 62  3
 63  1
 64  1
 65  1
 66  1
 67  2
 68  2
 69  6
 70  6
 71  1
 72  1
 73  1
 74  1
 75  5
 76  5
 77  3
 78  3
 79  1
 80  1
 81  5
 82  5
 83  3
 84  3
 85  1
 86  1
 87  1
 88  1
 89  5
 90  5
 91  6
 92  6
 93  1
 94  1
 95  1
 96  1
 97  4
 98  4
 99  6
100  6
101  3
102  3
103  1
104  1
105  2
106  2
107  1
108  1
109  3
110  3
111  1
112  1
113  6
114  6
115  1
116  1
117  1
118  1
119  1
120  1
121  3
122  3
123  6
124  6
125  3
126  3
127  3
128  3
129  1
130  1
131  1
132  1
133  5
134  5
135  1
136  1
137  6
138  6
139  3
140  3
141  2
142  2
143  3
144  3
145  6
146  6
147  5
148  5
149  1
150  1
151  3
152  3
153  2
154  2
155  3
156  3
157  1
158  1
159  1
160  1
161  1
162  1
163  1
164  1
165  3
166  3
167  3
168  3
169  1
170  1
171  3
172  3
173  3
174  3
175  6
176  6
177  3
178  3
179  5
180  5
181  6
182  6
183  6
184  6
185  1
186  1
187  1
188  1
189  4
190  4
191  6
192  6
193  3
194  3
195  1
196  1
197  6
198  6
199  3
200  3
201  6
202  6
203  1
204  1
205  1
206  1
207  3
208  3
209  2
210  2
211  5
212  5
213  1
214  1
215  3
216  3
217  1
218  1
219  5
220  5
221  3
222  3
223  5
224  5
225  5
226  5
227  6
228  6
229  6
230  6
231  6
232  6
233  5
234  5
235  6
236  6
237  6
238  6
239  1
240  1
241  1
242  1
243  3
244  3
245  1
246  1
247  6
248  6
249  5
250  5
251  1
252  1
253  1
254  1
255  3
256  3
257  6
258  6
259  1
260  1
261  5
262  5
263  1
264  1
265  5
266  5
267  6
268  6
269  3
270  3
271  3
272  3
273  6
274  6
275  6
276  6
277  1
278  1
279  6
280  6
281  1
282  1
283  3
284  3
285  1
286  1
287  5
288  5
289  1
290  1
291  1
292  1
293  1
294  1
295  1
296  1
297  2
298  2
299  3
300  3
301  5
302  5
303  1
304  1
305  3
306  3
307  1
308  1
309  3
310  3
311  1
312  1
313  5
314  5
315  6
316  6
317  6
318  6
319  1
320  1
321  1
322  1
323  1
324  1
325  1
326  1
327  6
328  6
329  1
330  1
331  6
332  6
333  3
334  3
335  6
336  6
337  3
338  3
339  1
340  1
341  3
342  3
343  6
344  6
345  5
346  5
347  1
348  1
349  3
350  3
351  7
352  7
353  5
354  5
355  1
356  1
357  3
358  3
359  3
360  3
361  5
362  5
363  1
364  1
365  6
366  6
367  5
368  5
369  5
370  5
371  6
372  6
373  1
374  1
375  6
376  6
377  1
378  1
379  3
380  3
381  1
382  1
383  3
384  3
385  1
386  1
387  1
388  1
389  3
390  3
391  3
392  3
393  6
394  6
395  6
396  6
397  6
398  6
399  1
400  1
401  5
402  5
403  1
404  1
405  2
406  2
407  5
408  5
409  1
410  1
411  5
412  5
413  5
414  5
415  1
416  1
417  7
418  7
419  3
420  3
421  1
422  1
423  1
424  1
425  6
426  6
427  3
428  3
429  3
430  3
431  3
432  3
433  6
434  6
435  7
436  7
437  3
438  3
439  1
440  1
441  3
442  3
443  6
444  6
445  6
446  6
447  1
448  1
449  1
450  1
451  1
452  1
453  1
454  1
455  3
456  3
457  1
458  1
459  1
460  1
461  1
462  1
463  1
464  1
465  3
466  3
467  1
468  1
469  5
470  5
471  1
472  1
473  1
474  1
475  1
476  1
477  3
478  3
479  1
480  1
481  3
482  3
483  3
484  3
485  1
486  1
487  1
488  1
489  1
490  1
491  3
492  3
493  1
494  1
495  3
496  3
497  3
498  3
499  6
500  6
501  3
502  3
503  1
504  1
505  5
506  5
507  5
508  5
509  5
510  5
511  1
512  1
513  5
514  5
515  1
516  1
517  1
518  1
519  3
520  3
521  3
522  3
523  5
524  5
525  5
526  5
527  3
528  3
529  3
530  3
531  1
532  1
533  5
534  5
535  1
536  1
537  5
538  5
539  3
540  3
541  5
542  5
543  1
544  1
545  3
546  3
547  1
548  1
549  1
550  1
551  1
552  1
553  1
554  1
555  1
556  1
557  1
558  1
559  1
560  1
561  5
562  5
563  6
564  6
565  5
566  5
567  6
568  6
569  1
570  1
571  3
572  3
573  1
574  1
575  5
576  5
577  1
578  1
579  5
580  5
581  6
582  6
583  5
584  5
585  6
586  6
587  3
588  3
589  5
590  5
591  6
592  6
593  1
594  1
595  1
596  1
597  1
598  1
599  1
600  1
601  5
602  5
603  6
604  6
605  1
606  1
607  1
608  1
609  3
610  3
611  3
612  3
613  6
614  6
615  1
616  1
617  1
618  1
619  5
620  5
621  1
622  1
623  5
624  5
625  1
626  1
627  1
628  1
629  6
630  6
631  5
632  5
633  1
634  1
635  3
636  3
637  3
638  3
639  6
640  6
641  1
642  1
643  3
644  3
645  3
646  3
647  6
648  6
649  1
650  1
651  6
652  6
653  6
654  6
655  5
656  5
657  6
658  6
659  1
660  1
661  3
662  3
663  1
664  1
665  6
666  6
667  1
668  1
669  6
670  6
671  1
672  1
673  3
674  3
675  1
676  1
677  1
678  1
679  3
680  3
681  5
682  5
683  1
684  1
685  3
686  3
687  1
688  1
689  6
690  6
691  5
692  5
693  1
694  1
695  1
696  1
697  1
698  1
699  6
700  6
701  5
702  5
703  3
704  3
705  6
706  6
707  5
708  5
709  1
710  1
711  1
712  1
713  3
714  3
715  3
716  3
717  3
718  3
719  6
720  6
721  6
722  6
723  1
724  1
725  1
726  1
727  1
728  1
729  1
730  1
731  3
732  3
733  6
734  6
735  5
736  5
737  1
738  1
739  6
740  6
741  6
742  6
743  3
744  3
745  1
746  1
747  5
748  5
749  1
750  1
751  6
752  6
753  3
754  3
755  6
756  6
757  1
758  1
759  1
760  1
761  6
762  6
763  3
764  3
765  1
766  1
767  5
768  5
769  1
770  1
771  6
772  6
773  3
774  3
775  5
776  5
777  1
778  1
779  1
780  1
781  6
782  6
783  1
784  1
785  1
786  1
787  1
788  1
789  5
790  5
791  3
792  3
793  1
794  1
795  4
796  4
797  3
798  3
799  1
800  1
801  1
802  1
803  1
804  1
805  7
806  7
807  3
808  3
809  1
810  1
811  5
812  5
813  6
814  6
815  6
816  6
817  1
818  1
819  1
820  1
821  6
822  6
823  1
824  1
825  1
826  1
827  1
828  1
829  1
830  1
831  3
832  3
833  3
834  3
835  5
836  5
837  1
838  1
839  1
840  1
841  1
842  1
843  6
844  6
845  6
846  6
847  1
848  1
849  3
850  3
851  1
852  1
853  6
854  6
855  6
856  6
857  1
858  1
859  1
860  1
861  1
862  1
863  3
864  3
865  6
866  6
867  6
868  6
869  6
870  6
871  5
872  5
873  1
874  1
875  3
876  3
877  1
878  1
879  1
880  1
881  1
882  1
883  5
884  5
885  5
886  5
887  1
888  1
889  3
890  3
891  6
892  6
893  1
894  1
895  1
896  1
897  6
898  6
899  1
900  1
901  1
902  1
903  1
904  1
905  3
906  3
907  6
908  6
909  1
910  1
911  6
912  6
913  1
914  1
915  1
916  1 