  1  7
  2  7
  3  3
  4  3
  5  1
  6  1
  7  1
  8  1
  9  6
 10  6
 11  3
 12  3
 13  1
 14  1
 15  3
 16  3
 17  6
 18  6
 19  7
 20  7
 21  6
 22  6
 23  3
 24  3
 25  7
 26  7
 27  3
 28  3
 29  6
 30  6
 31  6
 32  6
 33  1
 34  1
 35  5
 36  5
 37  1
 38  1
 39  3
 40  3
 41  4
 42  4
 43  4
 44  4
 45  1
 46  1
 47  1
 48  1
 49  1
 50  1
 51  1
 52  1
 53  1
 54  1
 55  1
 56  1
 57  1
 58  1
 59  6
 60  6
 61  1
 62  1
 63  1
 64  1
 65  6
 66  6
 67  1
 68  1
 69  1
 70  1
 71  5
 72  5
 73  6
 74  6
 75  1
 76  1
 77  3
 78  3
 79  3
 80  3
 81  6
 82  6
 83  5
 84  5
 85  3
 86  3
 87  1
 88  1
 89  6
 90  6
 91  1
 92  1
 93  1
 94  1
 95  3
 96  3
 97  4
 98  4
 99  3
100  3
101  6
102  6
103  2
104  2
105  1
106  1
107  6
108  6
109  1
110  1
111  1
112  1
113  6
114  6
115  6
116  6
117  1
118  1
119  1
120  1
121  3
122  3
123  6
124  6
125  3
126  3
127  1
128  1
129  2
130  2
131  1
132  1
133  1
134  1
135  4
136  4
137  6
138  6
139  3
140  3
141  3
142  3
143  1
144  1
145  3
146  3
147  5
148  5
149  7
150  7
151  1
152  1
153  3
154  3
155  6
156  6
157  1
158  1
159  1
160  1
161  1
162  1
163  1
164  1
165  3
166  3
167  6
168  6
169  6
170  6
171  1
172  1
173  1
174  1
175  3
176  3
177  6
178  6
179  3
180  3
181  1
182  1
183  1
184  1
185  1
186  1
187  3
188  3
189  6
190  6
191  3
192  3
193  7
194  7
195  1
196  1
197  6
198  6
199  1
200  1 