  1  6
  2  6
  3  3
  4  3
  5  7
  6  7
  7  5
  8  5
  9  4
 10  4
 11  6
 12  6
 13  2
 14  2
 15  6
 16  6
 17  3
 18  3
 19  1
 20  1
 21  1
 22  1
 23  3
 24  3
 25  1
 26  1
 27  3
 28  3
 29  1
 30  1
 31  1
 32  1
 33  7
 34  7
 35  4
 36  4
 37  4
 38  4
 39  4
 40  4
 41  3
 42  3
 43  3
 44  3
 45  2
 46  2
 47  7
 48  7
 49  7
 50  7
 51  7
 52  7
 53  4
 54  4
 55  5
 56  5
 57  1
 58  1
 59  3
 60  3
 61  6
 62  6
 63  5
 64  5
 65  5
 66  5
 67  4
 68  4
 69  2
 70  2
 71  1
 72  1
 73  7
 74  7
 75  3
 76  3
 77  1
 78  1
 79  3
 80  3
 81  1
 82  1
 83  1
 84  1
 85  3
 86  3
 87  1
 88  1
 89  1
 90  1
 91  1
 92  1
 93  1
 94  1
 95  1
 96  1
 97  1
 98  1
 99  5
100  5
101  6
102  6
103  7
104  7
105  3
106  3
107  1
108  1
109  4
110  4
111  1
112  1
113  3
114  3
115  1
116  1
117  1
118  1
119  6
120  6
121  1
122  1
123  1
124  1
125  1
126  1
127  6
128  6
129  1
130  1
131  1
132  1
133  1
134  1
135  1
136  1
137  1
138  1
139  3
140  3
141  6
142  6
143  3
144  3
145  5
146  5
147  3
148  3
149  1
150  1
151  6
152  6
153  1
154  1
155  6
156  6
157  6
158  6
159  6
160  6
161  4
162  4
163  3
164  3
165  6
166  6
167  1
168  1
169  1
170  1
171  6
172  6
173  6
174  6
175  1
176  1
177  1
178  1
179  3
180  3
181  1
182  1
183  6
184  6
185  5
186  5
187  1
188  1
189  6
190  6
191  1
192  1
193  1
194  1
195  5
196  5
197  3
198  3
199  4
200  4
201  1
202  1
203  1
204  1
205  3
206  3
207  1
208  1
209  5
210  5
211  6
212  6
213  6
214  6
215  1
216  1
217  3
218  3
219  1
220  1
221  6
222  6
223  1
224  1
225  5
226  5
227  1
228  1
229  1
230  1
231  4
232  4
233  5
234  5
235  3
236  3
237  1
238  1
239  1
240  1
241  6
242  6
243  6
244  6
245  1
246  1
247  3
248  3
249  3
250  3
251  5
252  5
253  3
254  3
255  1
256  1
257  1
258  1
259  1
260  1
261  6
262  6
263  3
264  3
265  3
266  3
267  1
268  1
269  1
270  1
271  1
272  1
273  5
274  5
275  1
276  1
277  1
278  1
279  1
280  1
281  1
282  1
283  6
284  6
285  1
286  1
287  1
288  1
289  1
290  1
291  5
292  5
293  3
294  3
295  1
296  1
297  3
298  3
299  1
300  1
301  1
302  1
303  6
304  6
305  1
306  1
307  3
308  3
309  6
310  6
311  1
312  1
313  3
314  3
315  6
316  6
317  1
318  1
319  4
320  4
321  6
322  6
323  1
324  1
325  5
326  5
327  3
328  3
329  6
330  6
331  6
332  6
333  6
334  6
335  5
336  5
337  6
338  6
339  6
340  6
341  5
342  5
343  6
344  6
345  1
346  1
347  5
348  5
349  6
350  6
351  1
352  1
353  1
354  1
355  3
356  3
357  1
358  1
359  3
360  3
361  3
362  3
363  6
364  6
365  1
366  1
367  1
368  1
369  1
370  1
371  1
372  1
373  1
374  1
375  3
376  3
377  6
378  6
379  1
380  1
381  3
382  3
383  6
384  6
385  5
386  5
387  1
388  1
389  1
390  1
391  3
392  3
393  1
394  1
395  3
396  3
397  1
398  1
399  1
400  1
401  1
402  1
403  3
404  3
405  5
406  5
407  1
408  1
409  1
410  1
411  5
412  5
413  1
414  1
415  1
416  1
417  1
418  1
419  6
420  6
421  6
422  6
423  1
424  1
425  1
426  1
427  5
428  5
429  1
430  1
431  1
432  1
433  5
434  5
435  6
436  6
437  1
438  1
439  3
440  3
441  1
442  1
443  3
444  3
445  1
446  1
447  6
448  6
449  1
450  1
451  7
452  7
453  1
454  1
455  1
456  1
457  1
458  1
459  1
460  1
461  3
462  3
463  1
464  1
465  1
466  1
467  3
468  3
469  6
470  6
471  6
472  6
473  1
474  1
475  5
476  5
477  1
478  1
479  3
480  3
481  6
482  6
483  1
484  1
485  1
486  1
487  1
488  1
489  5
490  5
491  6
492  6
493  1
494  1
495  6
496  6
497  1
498  1
499  6
500  6
501  1
502  1
503  1
504  1
505  1
506  1
507  7
508  7
509  1
510  1
511  6
512  6
513  3
514  3
515  3
516  3
517  1
518  1
519  3
520  3
521  1
522  1
523  3
524  3
525  4
526  4
527  6
528  6
529  6
530  6
531  5
532  5
533  3
534  3
535  1
536  1
537  1
538  1
539  5
540  5
541  6
542  6
543  1
544  1
545  1
546  1
547  7
548  7
549  1
550  1
551  6
552  6
553  1
554  1
555  6
556  6
557  3
558  3
559  1
560  1
561  1
562  1
563  6
564  6
565  1
566  1
567  3
568  3
569  1
570  1
571  1
572  1
573  3
574  3
575  3
576  3
577  1
578  1
579  1
580  1
581  1
582  1
583  1
584  1
585  1
586  1
587  1
588  1
589  3
590  3
591  3
592  3
593  6
594  6
595  3
596  3
597  1
598  1
599  3
600  3
601  1
602  1
603  3
604  3
605  1
606  1
607  1
608  1
609  3
610  3
611  1
612  1
613  1
614  1
615  6
616  6
617  1
618  1
619  3
620  3
621  6
622  6
623  1
624  1
625  6
626  6
627  6
628  6
629  1
630  1
631  5
632  5
633  1
634  1
635  1
636  1
637  1
638  1
639  1
640  1
641  6
642  6
643  1
644  1
645  1
646  1
647  5
648  5
649  6
650  6
651  7
652  7
653  6
654  6
655  1
656  1
657  6
658  6
659  3
660  3
661  5
662  5
663  1
664  1
665  1
666  1
667  6
668  6
669  3
670  3
671  6
672  6
673  1
674  1
675  5
676  5
677  3
678  3
679  3
680  3
681  1
682  1
683  3
684  3
685  1
686  1
687  1
688  1
689  1
690  1
691  1
692  1
693  1
694  1
695  1
696  1
697  6
698  6
699  6
700  6
701  1
702  1
703  3
704  3
705  5
706  5
707  6
708  6
709  6
710  6
711  1
712  1
713  3
714  3
715  1
716  1
717  3
718  3
719  5
720  5
721  6
722  6
723  5
724  5
725  3
726  3
727  3
728  3
729  6
730  6
731  1
732  1
733  1
734  1
735  1
736  1
737  1
738  1
739  6
740  6
741  1
742  1
743  3
744  3
745  6
746  6
747  1
748  1
749  1
750  1
751  3
752  3
753  1
754  1
755  3
756  3
757  3
758  3
759  6
760  6
761  3
762  3
763  3
764  3
765  3
766  3
767  1
768  1
769  1
770  1
771  1
772  1
773  1
774  1
775  1
776  1
777  3
778  3
779  2
780  2
781  2
782  2
783  3
784  3
785  1
786  1
787  3
788  3
789  3
790  3
791  3
792  3
793  1
794  1
795  3
796  3
797  3
798  3
799  6
800  6
801  1
802  1
803  1
804  1
805  3
806  3
807  5
808  5
809  1
810  1
811  1
812  1
813  3
814  3
815  6
816  6
817  1
818  1
819  6
820  6
821  1
822  1
823  6
824  6
825  6
826  6
827  6
828  6
829  3
830  3
831  5
832  5
833  1
834  1
835  3
836  3
837  5
838  5
839  3
840  3
841  6
842  6
843  1
844  1
845  6
846  6
847  1
848  1
849  1
850  1
851  3
852  3
853  1
854  1
855  1
856  1
857  1
858  1
859  1
860  1
861  1
862  1
863  3
864  3
865  3
866  3
867  1
868  1
869  3
870  3
871  3
872  3
873  6
874  6
875  1
876  1
877  3
878  3
879  5
880  5
881  5
882  5
883  3
884  3
885  6
886  6
887  1
888  1
889  1
890  1
891  1
892  1
893  1
894  1
895  1
896  1
897  6
898  6
899  1
900  1
901  3
902  3
903  3
904  3
905  3
906  3
907  1
908  1
909  1
910  1
911  5
912  5
913  6
914  6
915  1
916  1 