  1  3
  2  3
  3  2
  4  2
  5  1
  6  1
  7  4
  8  4
  9  4
 10  4
 11  5
 12  5
 13  4
 14  4
 15  4
 16  4
 17  5
 18  5
 19  6
 20  6
 21  6
 22  6
 23  6
 24  6
 25  6
 26  6
 27  6
 28  6
 29  6
 30  6
 31  1
 32  1
 33  3
 34  3
 35  3
 36  3
 37  6
 38  6
 39  6
 40  6
 41  7
 42  7
 43  3
 44  3
 45  1
 46  1
 47  6
 48  6
 49  4
 50  4
 51  3
 52  3
 53  6
 54  6
 55  6
 56  6
 57  2
 58  2
 59  1
 60  1
 61  7
 62  7
 63  1
 64  1
 65  1
 66  1
 67  6
 68  6
 69  6
 70  6
 71  6
 72  6
 73  6
 74  6
 75  6
 76  6
 77  7
 78  7
 79  3
 80  3
 81  4
 82  4
 83  1
 84  1
 85  3
 86  3
 87  1
 88  1
 89  1
 90  1
 91  1
 92  1
 93  1
 94  1
 95  6
 96  6
 97  5
 98  5
 99  5
100  5
101  1
102  1
103  6
104  6
105  1
106  1
107  1
108  1
109  6
110  6
111  3
112  3
113  1
114  1
115  4
116  4
117  3
118  3
119  3
120  3
121  5
122  5
123  1
124  1
125  3
126  3
127  6
128  6
129  6
130  6
131  5
132  5
133  3
134  3
135  1
136  1
137  2
138  2
139  6
140  6
141  3
142  3
143  1
144  1
145  1
146  1
147  1
148  1
149  1
150  1
151  1
152  1
153  1
154  1
155  6
156  6
157  3
158  3
159  1
160  1
161  6
162  6
163  1
164  1
165  7
166  7
167  1
168  1
169  6
170  6
171  4
172  4
173  3
174  3
175  6
176  6
177  1
178  1
179  5
180  5
181  1
182  1
183  3
184  3
185  6
186  6
187  1
188  1
189  3
190  3
191  3
192  3
193  6
194  6
195  1
196  1
197  1
198  1
199  1
200  1 